1 2003 1340 23 1977 542
2 1988 1225 24 2001 539
3 1999 1200 25 1963 516
4 1996 1100 26 1984 500
5 1998 980 27 1980 480
6 1967 912 28 1979 450
7 1965 861 29 1985 449
8 1971 789 30 1981 436
9 1973 781 31 1990 433
10 1972 706 32 1982 399
11 1966 661 33 1983 393
12 1964 640 34 1991 382
13 1997 626 35 1987 377
14 2000 626 36 1978 375
15 2002 612 37 1961 374
16 1970 602 38 2004 340
17 1960 572 39 1989 332
18 1968 572 40 1993 326
19 1975 565 41 1992 319
20 2005 565 42 1986 315
21 1976 549 43 1962 268
22 1969 546 44 1974 264

